id	label	x	y	cluster	weight<Links>	weight<Total link strength>	weight<Occurrences>
6	'current	-0.0235	-0.2929	2	440	1022	74
292	ablation therapy	0.6295	0.5304	3	256	545	15
368	accelerometry	0.4768	0.4757	5	180	394	17
396	accuracy	0.1496	-0.1373	2	869	6182	271
415	accurate prediction	-0.8648	-0.443	1	227	414	26
598	acute heart infarction	0.3932	-0.5717	2	268	533	16
677	adaptive boosting	-0.7877	-0.6399	1	551	2961	193
860	additives	-0.2024	-0.4598	1	232	424	27
896	adolescent	0.6618	0.4674	3	407	1322	42
913	adult	0.6219	-0.0899	2	963	16737	595
958	adversarial machine learning	-0.6896	-0.3332	1	436	1805	159
959	adversarial networks	-0.436	0.1729	1	208	405	35
1036	age	0.448	-0.7738	2	277	641	24
1052	aged	0.7394	-0.2799	2	868	8626	300
1054	"aged, 80 and over"	0.8509	-0.5328	2	262	630	21
1089	aging	0.7715	-0.3541	2	240	462	20
1197	air quality	-0.4586	-0.0864	1	165	311	38
1271	albumin	0.4302	-0.9473	2	225	428	15
1280	alcohol consumption	0.5836	-0.947	2	195	392	13
1307	algorithm	0.2043	0.3043	5	989	17540	684
1323	algorithms	0.187	0.474	5	948	11396	431
1390	alzheimer disease	0.1219	-0.7328	2	253	523	23
1591	anemia	0.1924	-0.9459	2	238	437	15
1611	angina pectoris	0.0301	-0.8936	2	206	403	12
1621	angiography	1.0643	-0.1815	3	299	786	38
1635	animal	0.7529	-0.4604	2	364	1079	58
1640	animal experiment	0.9847	-0.3592	2	268	626	26
1642	animal model	1.0254	-0.3771	2	216	467	19
1649	animals	0.7043	-0.4441	2	400	1172	65
1685	anomaly detection	-0.7221	0.3122	1	389	959	85
1842	aorta	1.14	0.3176	3	172	397	16
1882	aortic stenosis	0.3015	0.8632	4	250	583	21
1884	aortic valve	0.9226	0.3695	3	211	402	18
1924	apnea hypopnea index	0.5579	0.7057	5	203	462	15
2047	architecture	-0.1742	0.2499	3	297	550	29
2061	area under the curve	0.4003	-0.4446	2	733	4226	136
2105	arrhythmia	-0.7987	0.8369	4	427	1901	101
2107	arrhythmia classification	-0.681	0.9579	4	310	1127	60
2108	arrhythmia detection	-0.7499	0.9482	4	311	1259	69
2122	"arrhythmias, cardiac"	-0.3488	1.1692	4	382	1806	60
2139	arterial blood pressure	0.5843	0.7959	5	179	396	17
2157	arterial pressure	0.7104	0.6665	5	265	676	23
2170	arterial stiffness	0.8815	0.0709	5	284	585	23
2198	artery	0.9881	0.3349	3	250	521	22
2225	arthroplasty	0.3088	0.1983	5	218	419	22
2230	article	0.3789	-0.0672	2	998	38046	1497
2234	artifact	0.3207	0.949	4	273	661	26
2268	artificial heart	-0.1351	0.0544	6	258	584	30
2277	artificial intelligence	-0.1909	-0.2999	1	958	10419	674
2278	artificial intelligence (ai)	-0.7327	-0.1706	1	224	467	42
2317	artificial neural network	0.1796	0.1891	4	948	10596	432
2325	artificial neural networks	-0.3882	0.1	1	226	380	43
2445	atherosclerosis	0.9061	-0.0284	3	291	587	30
2450	atherosclerotic plaque	1.0542	-0.1128	3	241	521	24
2495	atrial fibrillation	-0.0131	0.7713	4	581	2796	126
2532	attention	0.2939	0.4797	3	393	1007	47
2552	attention mechanism	-0.0759	0.4992	4	413	1127	73
2553	attention mechanisms	-0.1677	0.5816	4	527	1914	116
2557	attention network	0.4328	0.5714	3	228	381	16
2682	auto encoders	-0.4726	0.5018	4	516	1760	100
2705	autoencoder	-0.134	0.5227	4	453	1337	55
2862	automation	-0.269	0.2989	4	604	2169	125
3003	back propagation	0.2401	0.6295	4	278	587	22
3022	backpropagation	-0.4735	0.0457	1	285	530	45
3089	balancing	-1.0466	-0.3584	1	214	407	22
3136	barium compounds	-1.1	-0.6239	1	198	510	33
3225	bayes theorem	-0.1958	-0.9362	2	357	1061	41
3244	bayesian learning	-0.0726	-0.8802	2	485	1939	64
3250	bayesian network	-0.164	-0.7812	1	209	359	18
3254	bayesian networks	-0.4485	-0.5179	1	312	689	57
3348	behavioral research	-0.6817	-0.2439	1	334	851	75
3378	benchmarking	-0.4197	0.0048	1	633	2326	141
3533	big data	-0.8084	-0.2752	1	433	1356	127
3592	binary classification	-0.0522	-0.0652	4	401	1023	55
3754	bioinformatics	-0.0016	-0.2123	5	573	1954	103
3775	biological marker	0.6521	-0.5843	2	470	1655	63
3780	biological model	1.0447	0.1115	3	291	861	34
3784	biological organs	-0.0867	-0.5317	3	283	858	56
3799	biological system modeling	-0.1236	0.3624	5	254	540	29
3800	biological systems	-0.0333	0.4404	5	226	446	26
3823	biomarkers	0.5134	-0.6523	2	448	1577	91
3839	biomechanical phenomena	0.8745	-0.078	3	211	464	21
3845	biomechanics	0.8138	-0.0198	3	305	771	48
3863	biomedical engineering	-0.0496	0.2036	1	242	432	34
3870	biomedical imaging	0.118	-0.1667	3	202	396	24
3876	biomedical measurements	0.6069	0.7106	5	247	487	18
3877	biomedical monitoring	-0.0363	0.5435	5	384	1005	58
3887	biomedical signal processing	-0.5557	0.8569	4	742	8198	420
3936	biosensing techniques	0.5758	-0.4188	2	242	648	32
3938	biosensors	0.2613	-0.2328	2	214	416	28
4052	block-chain	-1.1313	-0.1405	1	209	603	56
4056	blockchain	-1.0853	-0.133	1	229	720	80
4066	blood	0.5213	0.0103	5	767	4984	272
4096	blood flow	0.9295	0.2028	3	327	779	40
4102	blood flow velocity	1.1549	0.1544	3	236	516	19
4104	blood glucose	0.3334	-0.6512	2	249	549	25
4113	blood glucose monitoring	0.3302	-0.7094	2	206	371	12
4130	blood pressure	0.3703	0.3715	5	789	6069	289
4138	blood pressure determination	0.6366	0.9534	5	264	1052	34
4140	blood pressure estimation	0.3445	1.0491	5	251	987	49
4141	blood pressure measurement	0.5924	0.8433	5	392	1701	65
4143	blood pressure monitoring	0.4266	0.7551	5	313	972	39
4195	blood vessels	0.7454	0.0612	3	627	3010	174
4208	blood-pressure monitoring	0.4901	1.0077	5	209	591	29
4248	body mass	0.5979	-0.6598	2	552	2421	79
4279	body weight	0.6138	-0.2734	2	255	437	14
4298	bone	0.6304	-0.2284	3	205	380	24
4446	brain	-0.3234	0.4374	4	663	3356	181
4495	brain mapping	0.0357	0.3359	5	203	404	24
4497	brain modeling	0.0669	0.5808	5	225	502	23
4523	brain tumor	-0.1416	0.3025	3	239	642	31
4530	brain tumors	-0.5766	0.5094	3	161	413	24
4571	breast cancer	-0.4691	-0.7246	1	409	1581	114
4616	breathing	0.6494	0.729	5	236	519	20
4626	breathing rate	0.5465	0.3358	5	368	968	35
4775	c reactive protein	0.6067	-0.8902	2	217	406	14
4851	calibration	0.443	-0.0582	5	375	884	45
4895	cancer classification	-0.1167	-0.4918	3	180	390	21
4898	cancer diagnosis	0.0231	-0.451	3	231	624	29
5069	cardiac arrest	-0.1498	-0.1148	5	242	484	24
5072	cardiac arrhythmia	-0.7847	0.9073	4	259	823	49
5124	cardiac disease	-0.8553	0.4476	1	330	889	54
5187	cardiac muscle	1.1497	0.3871	3	244	653	26
5280	cardio-vascular disease	-0.2383	0.3906	4	338	787	50
5292	cardiologist	0.0244	0.8872	4	210	409	15
5293	cardiology	-0.38	0.3594	4	965	17942	952
5305	cardiomyopathy	0.6625	-0.023	2	260	490	19
5329	cardiovascular	0.109	-0.041	5	223	406	31
5350	cardiovascular disease	-0.0015	0.1089	4	966	13285	679
5352	cardiovascular disease (cvd)	-0.8699	0.3394	4	226	462	28
5366	cardiovascular diseases	-0.0128	0.0311	4	662	2996	150
5375	cardiovascular event	0.0816	-0.7843	2	198	389	15
5399	cardiovascular magnetic resonance	1.0813	0.2816	3	269	813	31
5407	cardiovascular parameters	1.0054	0.2543	3	265	555	19
5413	cardiovascular risk	0.2883	-0.689	2	412	1215	54
5429	cardiovascular system	0.508	0.5189	5	241	424	26
5449	carotid arteries	1.1764	-0.001	3	179	369	15
5450	carotid artery	1.0935	-0.0778	3	246	607	27
5629	causes of death	-0.7105	0.1265	1	359	1025	60
5819	cerebrovascular accident	0.5246	-0.3856	2	547	2205	77
5822	cerebrovascular disease	0.5573	-0.3107	2	254	469	16
5991	chemical detection	-0.1822	0.4959	4	321	781	52
6014	chemistry	0.7656	-0.5572	2	234	740	50
6045	chest x-ray image	-0.697	-0.6418	1	145	345	28
6068	child	0.5816	0.3761	3	395	1075	40
6091	china	-0.0703	-0.6586	2	283	555	33
6118	cholesterol	0.6123	-0.72	2	356	972	37
6119	cholesterol blood level	0.3442	-0.8499	2	313	763	23
6170	chronic disease	-0.3645	-0.8159	1	437	1228	71
6185	chronic kidney disease	-0.2485	-0.8526	1	293	695	58
6190	chronic kidney failure	0.4941	-0.7822	2	390	1096	35
6198	chronic obstructive lung disease	0.5743	-0.5507	2	212	419	16
6317	class imbalance	-0.9047	-0.3144	1	205	414	43
6345	classification	-0.5488	0.1195	1	843	6904	514
6346	classification (of information)	-0.8343	0.2647	1	912	14825	903
6348	classification accuracy	-0.599	0.2101	1	372	929	61
6349	classification algorithm	-0.3831	0.3157	4	742	4275	183
6379	classification methods	-0.5985	0.0025	1	222	428	30
6381	classification models	-0.5528	-0.1784	1	404	1019	73
6398	classification performance	-0.6949	0.4551	4	266	595	33
6428	classifier	-0.0003	-0.0776	2	752	4406	164
6442	classifiers	-0.9613	-0.5049	1	285	792	55
6477	clinical article	0.6019	0.2304	5	732	3905	143
6478	clinical assessment	0.6601	-0.1862	2	273	499	18
6488	clinical data	-0.1023	-0.6165	1	249	458	26
6495	clinical decision making	0.4419	-0.3477	2	521	1458	60
6499	clinical decision support system	-0.0431	-0.6946	2	362	797	39
6511	clinical diagnosis	-0.1456	-0.1636	4	266	540	33
6518	clinical effectiveness	0.6963	-0.2184	2	231	468	19
6520	clinical evaluation	0.4953	-0.1077	2	378	877	35
6525	clinical feature	0.6883	-0.5088	2	424	1212	43
6556	clinical outcome	0.585	-0.5084	2	371	911	34
6560	clinical practice	0.5058	-0.1559	3	396	1013	38
6562	clinical practices	0.4724	0.362	3	220	363	20
6574	clinical research	0.0256	-0.2607	1	579	1838	103
6584	clinical study	0.5871	-0.2357	5	217	376	13
6596	clinical trial	0.8302	-0.359	2	287	524	21
6649	cloud computing	-0.9758	-0.0847	1	379	1145	92
6677	cloud-computing	-1.0825	-0.0182	1	273	808	66
6685	cluster analysis	-0.2938	-0.277	1	367	791	47
6700	clustering	-0.8506	0.0996	1	217	400	45
6703	clustering algorithms	-0.892	-0.1079	1	376	1011	86
6726	clusterings	-0.7714	0.1323	1	265	528	45
6741	cnn	-0.7015	0.5325	4	465	1677	152
6906	cognition	0.255	-0.0171	5	196	354	17
6948	cohort analysis	0.791	-0.4856	2	609	2702	87
7151	comorbidity	0.4062	-0.8203	2	287	688	26
7176	comparative study	0.3347	0.0574	2	761	4017	157
7237	complex networks	-0.5531	0.4364	4	398	1079	74
7276	complication	0.8786	-0.4682	2	307	744	29
7347	computation theory	0.1054	0.1578	3	226	376	31
7367	computational efficiency	-0.7762	0.2188	1	339	758	54
7372	computational fluid dynamics	1.1545	0.0701	3	214	708	41
7396	computational modelling	0.0719	0.2086	3	483	1462	77
7421	computed tomographic angiography	1.2124	0.1171	3	299	949	32
7422	computed tomography	0.8971	-0.1885	3	260	645	38
7426	computed tomography angiography	1.2397	0.1689	3	230	648	26
7432	computed tomography images	0.0067	-0.3345	3	192	387	24
7442	computer aided design	0.0444	0.0909	3	330	758	35
7446	computer aided diagnosis	-0.4736	0.2036	3	783	6307	339
7455	computer aided instruction	-0.5977	0.0911	3	260	595	38
7461	computer architecture	-0.6126	0.2656	1	282	574	36
7463	computer assisted diagnosis	0.6213	0.0926	3	568	2338	74
7466	computer assisted tomography	0.7643	-0.1667	3	527	2127	73
7469	computer circuits	-0.5679	-0.4692	1	208	414	32
7485	computer language	-0.0636	-0.4046	2	224	383	13
7487	computer model	0.788	0.0372	3	500	1527	53
7504	computer simulation	0.7721	0.1225	3	352	820	35
7514	computer vision	0.1395	0.339	3	399	1046	68
7551	computerized tomography	0.5644	-0.0943	3	604	3308	179
7602	conceptual framework	0.2392	-0.0857	3	348	727	26
7625	condition	-0.3296	0.0811	4	528	1754	115
7669	confidence interval	0.4835	-0.4184	2	208	368	15
7698	confusion matrix	-0.0795	-0.7988	2	255	554	29
7708	congenital heart disease	0.7718	0.5074	3	303	915	41
7710	congenital heart malformation	0.7146	0.8153	3	158	363	13
7718	congestive heart failure	0.0713	0.9915	4	260	643	28
7721	congestive heart failures	-0.4101	1.0746	4	191	421	23
7953	continuous monitoring	0.2036	0.7699	5	245	547	29
7970	continuous wavelet transform	-0.1875	1.104	4	282	790	29
7996	contrastive learning	-0.5218	-0.2701	1	532	2311	185
8037	controlled study	0.4465	-0.1144	2	982	19484	723
8101	convolution	-0.4577	0.5562	4	829	7650	445
8111	convolution neural network	-0.6223	0.5174	4	331	852	64
8142	convolutional networks	-0.1789	0.6642	4	299	695	44
8145	convolutional neural network	-0.1552	0.4566	4	972	16840	874
8146	convolutional neural network (cnn)	-0.3541	0.4922	4	379	932	73
8165	convolutional neural networks	-0.5344	0.4966	4	870	9562	632
8234	coronary angiography	1.1914	-0.0456	3	334	1139	47
8239	coronary arteries	1.1641	0.2248	3	223	579	31
8241	coronary artery	1.0353	0.4526	3	194	409	18
8257	coronary artery disease	0.6096	-0.1645	3	642	3218	159
8286	coronary blood vessel	1.2656	0.0925	3	244	830	30
8300	coronary heart disease	0.0293	-0.5078	1	334	816	58
8319	coronary stenosis	1.2778	0.0554	3	176	420	16
8326	coronary vessels	1.2636	0.023	3	232	790	28
8329	coronavirus	-0.4669	-0.6579	1	229	445	34
8330	coronavirus disease 2019	0.0893	-0.6246	2	463	1391	51
8341	coronaviruses	-0.4294	-0.6867	1	248	534	39
8355	correlation	0.0922	-0.0997	5	221	383	21
8356	correlation analysis	0.3689	-0.6136	2	276	520	23
8359	correlation coefficient	0.425	0.0373	2	557	1649	68
8370	correlation methods	0.0509	0.2971	5	399	974	52
8430	cost benefit analysis	-0.263	-0.1657	1	235	374	22
8435	cost effectiveness	-0.0464	0.095	1	411	951	65
8463	costs	-0.523	0.2673	1	231	437	36
8511	covid-19	-0.3148	-0.6144	1	566	2358	194
8574	creatinine	0.5052	-0.8606	2	338	811	29
8690	cross validation	0.1859	-0.1895	2	766	4727	180
8728	cross-sectional study	0.8059	-0.598	2	234	515	22
8779	cryptography	-1.0601	0.0418	1	192	377	32
8839	cuffless	0.4404	1.0209	5	209	644	27
9035	cytology	0.2703	-0.5207	2	195	404	34
9100	data accuracy	-0.4228	-0.1196	1	382	923	48
9101	data acquisition	-0.545	0.2092	1	400	989	72
9109	data analysis	-0.1506	-0.377	1	444	1067	60
9116	data analytics	-0.7332	-0.3582	1	308	691	51
9124	data augmentation	-0.2198	0.3364	1	349	830	62
9132	data base	-0.0704	0.571	4	442	1335	50
9143	data classification	-0.9726	-0.309	1	246	511	38
9173	data driven	-0.3787	-0.2701	1	189	337	39
9198	data fusion	-0.5189	0.0811	1	226	350	29
9206	data handling	-0.7343	0.0246	1	558	2273	156
9216	data integration	-0.7068	-0.0747	1	233	403	30
9233	data mining	-0.6503	-0.4877	1	715	4074	312
9264	data privacy	-0.7749	-0.0117	1	343	853	65
9269	data processing	-0.0981	-0.0423	5	508	1584	63
9280	data reduction	-0.6424	-0.1869	1	210	392	30
9305	data set	-0.7166	-0.4942	1	270	528	48
9344	data visualization	-0.1649	0.0104	1	252	435	33
9388	database systems	-0.0644	0.8515	4	360	999	46
9391	"databases, factual"	0.0394	0.8224	4	350	1034	34
9442	de-noising	-0.2904	0.8969	4	227	541	34
9497	decision making	-0.4609	-0.2498	1	766	4075	292
9516	decision support system	-0.1621	-0.6774	2	336	774	42
9521	decision support systems	-0.611	-0.5488	1	529	1922	128
9536	decision tree	-0.1421	-0.83	2	766	5388	241
9548	decision trees	-0.6923	-0.5543	1	832	7826	495
9562	decisions makings	-0.7715	-0.5196	1	231	507	50
9568	decoding	-0.0115	0.4995	3	200	360	29
9572	decomposition	-0.0173	0.722	4	261	532	20
9599	deep belief network	-0.5839	-0.3775	1	254	528	23
9602	deep belief networks	-0.8449	-0.3751	1	227	419	27
9681	deep learning	-0.2593	0.2056	1	996	27677	1891
9682	deep learning (dl)	-0.8156	0.3555	1	238	493	54
9738	deep neural network	-0.2042	0.2078	4	747	3789	178
9741	deep neural networks	-0.4985	0.4251	4	848	7431	448
9881	delivery of health care	-0.6172	-0.3437	1	323	856	36
9918	demographics	0.4543	-0.7326	2	343	856	29
10025	depression	0.2348	-0.6702	2	290	663	37
10128	detection	-0.4585	-0.322	1	188	348	31
10130	detection algorithm	-0.0457	0.6605	4	316	776	35
10142	detection methods	-0.3141	0.5571	4	200	361	29
10170	deterioration	0.267	-0.3021	3	248	398	24
10226	devices	0.6655	0.3071	5	313	975	44
10245	diabetes	-0.2497	-0.9309	2	386	1139	99
10261	diabetes mellitus	0.2352	-0.8509	2	674	3535	148
10268	"diabetes mellitus, type 2"	0.4489	-0.896	2	231	505	18
10314	diabetic patient	0.1988	-0.9012	2	271	597	19
10319	diabetic retinopathy	0.0912	-0.9177	2	312	856	55
10339	diagnosis	-0.1094	-0.3072	1	993	20456	1222
10358	"diagnosis, computer-assisted"	0.0694	-0.0644	3	251	506	14
10362	diagnostic accuracy	0.2054	-0.0464	2	892	8873	323
10380	diagnostic imaging	0.9375	-0.0632	3	774	6912	252
10393	diagnostic procedure	0.6058	-0.038	3	230	419	19
10407	diagnostic test accuracy study	0.3528	-0.283	2	897	9695	321
10412	diagnostic value	0.7002	-0.3129	2	244	501	20
10417	diagnostics tools	-0.2327	0.561	4	238	452	24
10440	diastolic blood pressure	0.6966	0.034	5	596	3007	92
10631	digital storage	-0.9067	0.2191	1	416	1152	80
10678	dimensionality reduction	-0.464	-0.0332	1	534	1790	95
10760	discrete wavelet transform	-0.4775	0.7867	4	390	1328	50
10763	discrete wavelet transforms	-0.6834	0.6928	4	330	980	52
10771	discriminant analysis	-0.1858	-0.2352	1	588	2263	106
10793	disease classification	-0.466	0.2777	4	635	3039	151
10797	disease control	-0.0608	-0.3512	1	469	1309	83
10801	disease detection	-0.6386	-0.0857	1	476	1670	109
10805	disease diagnosis	-0.606	-0.3037	1	451	1448	97
10811	disease exacerbation	0.6806	-0.3977	2	252	468	17
10834	disease prediction	-0.7309	-0.7332	1	267	659	57
10853	disease risks	-0.3331	-0.8889	1	253	589	33
10855	disease severity	0.7627	-0.2386	2	501	1570	61
10870	diseases	-0.4058	0.0551	1	991	26391	1533
11364	drug therapy	0.5979	-0.7952	2	213	454	24
11647	dynamics	-0.0366	-0.0152	3	242	407	21
11694	e-learning	-0.406	-0.365	1	384	896	60
11728	early diagnosis	0.1204	-0.5129	2	610	2481	128
11755	early prediction	-0.5842	-0.8584	1	257	607	34
11796	ecg	-0.6047	0.7629	4	547	2757	162
11813	ecg classification	-0.7154	0.8866	4	181	397	21
11867	ecg signals	-0.6114	0.9364	4	352	1107	61
11907	echocardiography	0.8024	0.3764	3	541	2398	109
11915	echography	0.9661	-0.1034	3	366	1003	38
11934	economic and social effects	-0.7227	0.1755	1	265	518	45
11973	edge computing	-0.9881	0.1862	1	269	632	60
12078	efficiency	-0.7382	-0.0219	1	284	532	44
12119	ehealth	-0.6613	-0.4353	1	228	381	24
12185	electric activity	0.1363	0.6931	4	213	376	12
12222	electric potential	0.3811	0.5994	5	243	511	18
12325	electrocardiogram	-0.1302	0.7436	4	879	10828	491
12326	electrocardiogram (ecg)	-0.4909	0.836	4	460	1602	98
12348	electrocardiogram classification	-0.7079	0.7489	4	205	411	18
12374	electrocardiogram signal	-0.6352	0.8685	4	600	4160	220
12391	electrocardiograms	-0.5243	0.7909	4	793	8570	451
12408	electrocardiography	-0.1869	0.845	4	902	14170	639
12415	electrocardiography monitoring	-0.3256	0.7136	4	237	502	17
12460	electrodermal response	0.4767	0.2508	5	197	361	13
12461	electrodes	-0.014	0.5975	5	258	540	38
12463	electroencephalogram	0.0933	0.5285	5	395	1238	47
12473	electroencephalography	0.119	0.5969	5	613	2791	127
12526	electromyography	0.2659	0.5317	5	343	825	37
12546	electronic device	-0.0321	0.2986	5	328	851	38
12549	electronic health	-0.6037	-0.7245	1	233	609	38
12552	electronic health record	-0.33	-0.5693	1	596	2655	153
12556	electronic health records	-0.3417	-0.7828	1	355	1072	56
12568	electronic medical record	-0.3776	-0.4136	1	321	700	27
12613	electrophysiology	0.0924	0.3946	5	431	1317	71
12620	electrotherapeutics	0.1466	0.4165	5	282	653	43
12692	embeddings	-0.603	-0.1604	1	247	455	37
12763	emotion	0.021	0.1982	5	188	376	21
12796	empirical mode decomposition	-0.3872	0.9133	4	298	750	42
12918	energy	-0.5196	0.0361	1	221	372	40
12939	energy efficiency	-0.8302	0.2008	1	262	564	59
12981	energy utilization	-1.0323	0.1569	1	224	456	45
13148	ensemble learning	-0.7186	-0.4402	1	573	2442	208
13163	ensemble methods	-0.7989	-0.7358	1	198	395	28
13167	ensemble models	-0.4095	-0.5698	1	327	722	48
13190	ensemble-classifier	-0.9996	0.0174	1	175	360	28
13221	entropy	0.2047	0.3588	4	712	3374	132
13344	epidemiology	0.0219	-1.043	2	193	405	20
13384	equipment design	0.5701	0.2577	5	269	559	23
13439	errors	-0.309	0.1189	1	342	868	71
13468	estimated glomerular filtration rate	0.5241	-1.0109	2	198	353	11
13547	evaluation study	0.1688	-0.3302	3	267	518	22
13597	evolutionary algorithms	-1.0892	-0.3011	1	194	387	34
13657	exercise	0.4521	-0.0075	5	328	770	31
13773	explainable ai	-0.6946	-0.1186	1	290	711	68
13777	explainable artificial intelligence	-0.5099	-0.365	1	410	1251	89
13889	extraction	-0.3903	0.5153	4	718	4132	221
13906	extreme gradient boosting	-0.0472	-0.9808	2	235	527	25
13917	extreme learning machine	-0.5736	-0.526	1	282	537	38
13943	eye fundus	0.8374	-0.4644	2	193	428	20
13951	eye protection	-0.0224	-0.8247	2	232	571	36
13969	f1 scores	-0.9319	0.2744	1	305	826	57
14045	factual database	-0.005	0.8266	4	350	1034	34
14110	false negative result	0.1909	-0.2836	2	429	1252	41
14116	false positive result	0.3404	-0.4103	2	466	1536	51
14176	fasting blood glucose level	0.3635	-1.0234	2	197	401	12
14191	fatigue	0.2916	-0.154	5	226	451	21
14218	fault detection	-0.9366	0.401	1	170	337	48
14280	feasibility study	0.7398	-0.0934	5	343	712	29
14319	feature engineerings	-0.661	-0.379	1	259	552	36
14325	feature extraction	-0.271	0.4352	4	959	16604	830
14338	feature fusion	-0.4024	0.7245	4	247	518	38
14359	feature learning (machine learning)	0.1791	0.6128	4	269	546	19
14399	feature selection	-0.5499	-0.4153	1	878	9609	670
14402	feature selection algorithm	-0.1974	-0.1403	5	258	572	26
14413	feature selection methods	-0.7985	-0.0541	1	207	409	31
14462	features extraction	-0.2656	0.5153	4	840	7411	400
14466	features fusions	-0.32	0.6083	4	403	1052	70
14472	features selection	-0.9301	-0.4286	1	660	4398	304
14486	federated learning	-0.8326	-0.0884	1	436	1439	127
14504	feed forward neural network	-0.1616	-0.0427	2	225	420	17
14535	female	0.6629	-0.1414	2	969	18528	665
14791	filtration	-0.4051	0.6621	4	270	592	23
14855	finite element analysis	0.9346	0.0402	3	216	438	23
15190	fog computing	-1.0979	0.0446	1	248	626	63
15202	follow up	0.7571	-0.6331	2	418	1280	46
15267	forecasting	-0.4339	-0.428	1	948	14156	889
15290	forestry	-0.3744	-0.6656	1	529	2084	114
15351	fourier transform	0.1496	0.842	4	405	1264	39
15355	fourier transforms	-0.1218	0.8316	4	234	418	22
15491	frequency domain analysis	-0.4104	0.8256	4	414	1444	72
15670	functional magnetic resonance imaging	0.4125	0.0954	5	208	371	13
15856	fuzzy inference	-0.7934	-0.3152	1	364	1105	103
15881	fuzzy logic	-0.3646	-0.5425	1	407	1162	95
15907	fuzzy neural networks	-0.8572	-0.2655	1	342	960	82
15949	fuzzy system	-0.0525	-0.5786	2	264	596	27
15951	fuzzy systems	-0.8442	-0.3227	1	237	598	61
15977	fuzzy-logic	-0.514	-0.5016	1	283	618	48
16005	gait	0.4005	-0.0061	5	316	795	32
16010	gait analysis	0.2124	0.1309	5	186	398	28
16165	gated recurrent unit	-0.7715	0.4514	4	212	393	35
16167	gated recurrent unit network	0.2693	0.4112	4	256	566	19
16183	gaussian distribution	-0.5501	0.3814	1	260	432	36
16270	gender	0.3061	-0.6222	2	221	411	15
16282	gene expression	0.204	-0.7004	2	244	565	41
16376	generative adversarial network	-0.3206	0.1746	1	241	469	31
16379	generative adversarial networks	-0.2413	0.1598	1	352	831	64
16406	genetic algorithm	-0.3682	-0.3269	1	518	1847	124
16413	genetic algorithms	-0.7581	-0.1091	1	510	1903	144
16440	genetic procedures	0.563	-0.3707	2	269	716	35
16455	genetics	0.6417	-0.7976	2	211	559	36
16527	geometry	0.8009	0.0854	3	378	972	50
16673	glucose	0.2912	-0.7497	2	525	1809	71
16676	glucose blood level	0.3348	-0.7988	2	503	1884	60
16804	gradient boosting	-0.5057	-0.621	1	454	1598	103
16831	gradient methods	-0.8972	-0.1618	1	259	522	35
16911	graph neural networks	-0.2961	-0.054	1	270	526	47
16994	gray wolves	-1.1569	0.1393	1	229	560	33
17197	haemodynamics	1.0725	0.2294	3	301	865	46
17392	health	-0.077	-0.2696	1	218	348	32
17408	health care	-0.8422	-0.209	1	672	4365	313
17412	health care application	-0.7867	0.0328	1	229	414	29
17413	health care cost	0.0417	-0.7126	2	263	501	21
17417	health care delivery	-0.5388	-0.3255	1	340	905	39
17431	health care personnel	0.1001	-0.5819	2	361	756	27
17441	health care system	-0.1577	-0.5426	2	346	832	30
17458	health data	-0.2548	-0.3873	1	284	546	31
17501	health monitoring	-0.1227	0.4045	5	345	881	68
17521	health records	-0.5892	-0.7641	1	244	659	41
17527	health risks	-0.2024	-0.5045	1	606	2345	146
17535	health status	-0.0243	-0.476	2	272	482	23
17554	healthcare	-0.7763	-0.2455	1	497	1776	183
17644	healthcare systems	-0.9117	-0.2214	1	334	876	68
17664	heart	-0.0828	0.4441	3	955	18158	973
17675	heart arrhythmia	-0.1586	0.9584	4	658	4614	156
17690	heart attack	-0.4928	-0.444	1	237	495	33
17696	heart beat	-0.0869	0.9917	4	337	1101	37
17700	heart beats	-0.6009	1.011	4	233	531	25
17708	heart contraction	0.8964	0.6331	3	219	393	13
17709	heart cycle	0.7665	0.5793	3	467	1432	45
17714	heart disease	-0.5724	-0.0648	1	856	9262	549
17725	heart disease diagnosis	-1.1123	0.3121	1	208	473	30
17730	heart disease prediction	-1.174	-0.3716	1	295	1038	79
17741	heart diseases	-0.243	-0.2517	6	465	1678	69
17747	heart failure	0.1884	-0.4271	2	745	3813	181
17758	heart function	0.8409	0.4408	3	329	839	34
17766	heart infarction	0.4606	0.0861	2	573	2404	81
17772	heart left bundle branch block	-0.0378	1.046	4	290	828	25
17773	heart left ventricle	1.0383	0.3145	3	236	550	20
17776	heart left ventricle ejection fraction	0.9236	-0.1188	3	363	925	27
17781	heart left ventricle function	1.0447	-0.0196	3	179	351	13
17807	heart muscle ischemia	0.8475	0.1393	3	220	365	15
17815	heart output	1.1208	0.2107	3	252	579	19
17827	heart rate	0.335	0.5667	5	820	7258	272
17850	heart rate variability	0.0239	0.6423	5	640	3236	163
17862	heart rhythm	0.0806	0.9234	4	260	530	17
17867	heart right bundle branch block	-0.3193	1.0856	4	260	792	22
17880	heart sound	-0.0462	0.9444	4	356	1245	51
17889	heart sounds	-0.2331	0.9692	4	330	1125	61
17893	heart stroke volume	1.0646	0.054	3	240	482	18
17918	heart ventricle	1.0647	0.3582	3	201	493	17
17923	heart ventricle extrasystole	-0.2818	1.1402	4	301	1153	38
17934	heart ventricles	1.1013	0.3388	3	189	471	16
17943	heart-rate	0.1586	0.7465	5	400	1370	83
17951	heartbeat classifications	-0.9043	0.9435	4	167	452	24
18067	hemodynamics	1.0284	0.1823	3	494	2093	106
18069	hemoglobin	0.5412	-0.6212	2	287	648	23
18071	hemoglobin a1c	0.6894	-0.8345	2	293	793	23
18161	heuristic algorithms	-1.1676	0.0084	1	264	730	62
18167	heuristic methods	-1.0907	0.1517	1	238	495	37
18193	hidden markov models	0.0595	0.6681	5	208	359	21
18238	high density lipoprotein cholesterol	0.7889	-0.7899	2	232	498	15
18290	high risk patient	0.6241	-0.6298	2	249	482	15
18432	histogram	0.719	0.2116	3	303	697	29
18572	hospital	-0.1533	-0.6288	2	231	411	18
18573	hospital admission	0.4552	-0.6342	2	207	365	13
18577	hospital data processing	-0.7315	-0.2241	1	372	895	55
18601	hospitalization	0.3893	-0.6932	2	364	1021	34
18603	hospitals	-0.295	-0.3552	1	504	1518	83
18655	human	0.3453	-0.0264	2	999	43874	1843
18678	human cell	0.7314	-0.7349	2	173	327	14
18708	human experiment	0.4838	0.5988	5	475	1675	63
18809	human tissue	0.7053	-0.5793	2	308	741	31
18834	humans	0.4821	0.0341	3	993	26659	1085
18877	hybrid	-0.372	0.2685	1	231	431	19
18999	hybrid model	-0.5294	0.1616	1	303	666	51
19167	hyper-parameter	-1.0942	-0.3778	1	369	1184	80
19169	hyper-parameter optimizations	-0.9361	-0.6804	1	200	440	28
19196	hyperlipidemia	0.5752	-0.8458	2	205	403	13
19228	hypertension	0.422	-0.3026	2	747	4339	173
19409	image analysis	0.2716	0.1648	3	654	3136	151
19422	image classification	-0.5463	-0.236	1	438	1938	139
19425	image coding	-0.2324	0.8095	4	368	1132	79
19429	image compression	-0.4563	0.6584	4	195	436	31
19446	image enhancement	-0.0625	0.147	3	592	2784	187
19463	"image interpretation, computer-assisted"	0.9164	0.1297	3	312	946	32
19473	image processing	0.6516	0.2073	3	665	3573	171
19479	"image processing, computer-assisted"	0.8881	0.2971	3	380	1553	57
19480	image quality	0.6088	0.1778	3	465	1605	66
19486	image reconstruction	0.7031	0.4411	3	358	996	53
19498	image segmentation	0.4221	0.3824	3	840	8181	447
19509	image thinning	-0.2121	0.7772	4	294	846	48
19536	images classification	-0.8061	-0.4239	1	214	523	40
19542	images segmentations	0.7386	0.3282	3	400	1533	80
19572	"imaging, three-dimensional"	1.1097	0.1492	3	229	565	21
19591	imbalanced data	-0.9955	-0.4578	1	213	411	47
19669	impedance	0.2728	0.3464	5	225	379	20
19850	in vivo study	1.107	-0.2476	2	194	391	15
20090	infant	0.6399	0.3941	3	261	458	13
20214	information management	-0.7925	-0.1567	1	330	785	73
20218	information processing	0.1203	0.086	5	623	2385	87
20251	infrared devices	0.2857	-0.0834	5	189	318	27
20394	insulin	0.4597	-0.8367	2	229	451	16
20397	insulin dependent diabetes mellitus	0.4936	-0.9469	2	215	428	14
20587	intelligent systems	-0.566	0.0447	1	340	737	56
20608	intensive care unit	0.1707	0.002	5	390	961	31
20611	intensive care units	-0.3757	-0.2109	1	247	509	33
20657	interactive computer systems	-0.7357	0.3937	1	228	422	28
20719	intermethod comparison	0.1674	0.0951	4	406	1046	37
20747	internet	-0.6561	0.012	1	209	381	21
20764	internet of medical thing	-0.8588	0.1467	1	352	860	50
20765	internet of medical things	-0.7473	0.083	1	279	513	31
20766	internet of medical things (iomt)	-0.9313	0.1301	1	176	347	30
20791	internet of things	-0.8729	0.0384	1	705	4734	398
20792	internet of things (iot)	-0.9724	0.1413	1	226	536	62
20831	interpretability	-0.6075	-0.2454	1	433	1344	98
20965	intrusion detection	-1.2093	-0.0126	1	170	425	49
21027	inverse problems	0.2431	-0.1968	3	251	406	30
21066	iot	-1.004	0.0939	1	286	759	93
21164	ischemic heart disease	0.6398	-0.4882	2	431	1277	47
21219	iterative methods	-0.3642	-0.0132	1	292	562	47
21278	job analysis	0.2838	0.2415	3	407	1077	50
21321	k fold cross validation	-0.0167	-0.7364	2	298	691	22
21323	k means clustering	0.2298	-0.4161	2	271	506	19
21325	k nearest neighbor	0.0808	-0.425	2	713	4677	152
21360	k-means clustering	-0.493	-0.2158	1	343	773	58
21373	k-near neighbor	-1.0763	-0.5735	1	163	378	23
21387	k-nearest neighbors	-0.5367	-0.727	1	176	338	33
21452	kernel method	0.0502	0.1556	3	453	1148	37
21507	kidney disease	0.1091	-1.0348	2	195	358	18
21576	knn	-1.0014	-0.6419	1	169	385	46
21581	knowledge	0.342	0.4191	3	270	493	17
21582	knowledge acquisition	-0.7843	-0.4726	1	228	442	29
21727	laboratory test	0.3932	-0.9509	2	209	398	15
21786	language model	-0.3657	-0.606	1	173	342	31
21787	language processing	-0.4796	-0.8573	1	200	438	29
21808	large dataset	0.0521	-0.187	3	406	878	53
21809	large datasets	-0.5023	0.3472	1	307	580	43
21814	large language model	-0.2782	-0.5552	1	182	344	26
22001	learning	0.2062	0.4192	3	496	1611	62
22004	learning algorithm	0.2507	0.0282	2	835	5587	166
22005	learning algorithms	-0.6746	-0.2848	1	876	9008	580
22006	learning approach	-0.3968	0.1893	1	351	934	61
22011	learning classifiers	-1.0483	0.2167	1	208	444	33
22017	learning frameworks	-0.6026	0.1497	1	304	671	50
22022	learning machines	-0.7329	-0.4002	1	268	512	33
22024	learning methods	-0.2539	0.6676	4	274	573	35
22025	learning models	-0.7105	0.2551	1	559	2278	167
22042	learning systems	-0.5778	-0.1088	1	974	17623	1131
22044	learning techniques	-0.8989	0.4178	4	267	660	50
22058	least absolute shrinkage and selection operator	0.71	-0.924	2	209	489	18
22089	leave one out cross validation	0.8382	-0.1427	5	208	379	12
22142	left ventricular	0.9605	0.154	3	239	496	24
22198	length of stay	0.3549	-0.7478	2	233	491	16
22389	limit of detection	0.8046	-0.5444	2	129	335	19
22455	linear regression	0.0708	-0.241	1	255	450	39
22456	linear regression analysis	0.3509	-0.1075	2	339	675	19
22751	logistic regression	-0.6443	-0.8239	1	559	3101	233
22755	logistic regression analysis	0.1479	-0.8643	2	560	2418	78
22763	logistics regressions	-0.8529	-0.823	1	299	979	55
22791	long short term memory network	-0.0076	0.3984	4	642	2994	100
22795	long short-term memory	-0.7202	0.4921	4	760	4995	329
22850	longitudinal study	0.5536	-0.7966	2	225	449	14
22870	loss functions	0.0718	0.7125	3	258	483	25
22893	low density lipoprotein	0.5408	-0.9253	2	208	384	12
22894	low density lipoprotein cholesterol	0.752	-0.865	2	198	384	11
23001	lstm	-0.7908	0.5125	4	347	854	81
23045	lung	0.8017	-0.2774	3	234	438	19
23054	lung cancer	0.0755	-0.4922	3	419	1229	97
23172	machine learning	-0.1907	-0.3509	1	998	32858	2442
23173	machine learning (ml)	-0.8805	-0.0171	1	239	586	71
23179	machine learning algorithm	0.0053	-0.5768	2	210	396	23
23181	machine learning algorithms	-0.7104	-0.8039	1	513	2437	179
23189	machine learning approaches	-0.3295	-0.2401	1	357	848	55
23214	machine learning methods	-0.2741	-0.4519	1	316	723	50
23219	machine learning models	-0.4411	-0.6201	1	585	2530	179
23236	machine learning techniques	-0.4654	-0.7746	1	410	1288	93
23262	machine-learning	-0.4753	-0.3911	1	957	16593	1164
23327	magnetic resonance	0.6696	0.3636	3	186	411	24
23336	magnetic resonance imaging	0.49	0.3158	3	559	2871	157
23411	major clinical study	0.6212	-0.3593	2	910	11260	386
23437	male	0.7164	-0.1561	2	963	18155	650
23478	mammals	0.531	-0.4668	2	197	324	21
23487	mammography	-0.2127	-0.1928	3	221	481	30
23723	mathematical analysis	0.1521	0.1485	3	347	897	31
23731	mathematical model	0.4862	0.1534	3	653	2575	91
23737	mathematical parameters	0.2782	0.6647	4	322	681	20
23748	matlab	-0.8332	0.0468	1	228	382	35
23752	matrix algebra	-0.4965	-0.1465	1	238	379	35
23856	mean absolute error	0.4115	0.3218	5	501	1474	62
23862	mean arterial pressure	0.8492	0.3769	5	293	753	25
23874	mean square error	-0.2397	0.2654	1	615	2521	184
23889	measurement accuracy	0.3771	0.1861	2	629	2282	79
23897	measurement precision	0.0691	0.0563	2	357	856	25
23987	medical applications	-0.2692	0.085	1	314	560	50
24001	medical computing	-0.6212	-0.4386	1	559	2164	130
24003	medical conditions	0.014	0.2509	5	247	501	25
24010	medical data	-1.031	-0.223	1	317	824	68
24043	medical diagnostic imaging	-0.4273	-0.2952	1	429	1258	65
24076	medical history	0.2666	-0.9255	2	223	418	16
24086	medical image processing	-0.0381	-0.1144	3	279	741	46
24097	medical imaging	-0.1047	-0.1133	3	696	4452	283
24107	medical informatics	-0.4206	-0.1716	1	276	537	28
24108	medical information	-0.3323	-0.3769	1	295	482	25
24152	medical problems	-0.2668	-0.7052	1	287	605	39
24157	medical record	-0.1148	-0.7082	1	349	838	35
24169	medical services	-0.9183	-0.0767	1	419	1448	98
24285	memory modeling	-0.7325	0.6062	4	188	382	23
24286	memory network	-0.8897	0.5894	4	231	557	36
24317	mental health	0.0592	-0.3614	5	262	507	44
24332	mental stress	0.2058	0.6757	5	168	365	19
24343	mercury compounds	0.3886	0.944	5	245	735	32
24455	metabolism	0.8157	-0.7133	2	339	1210	67
24466	metadata	-0.5231	-0.0747	1	340	723	44
24469	metaheuristic	-1.1559	-0.1916	1	202	463	34
24479	metaheuristics	-0.9322	0.0152	1	263	624	33
24557	methodology	-0.2442	-0.1074	4	279	570	22
24589	mhealth	-0.1406	0.1457	5	509	1672	102
24598	mice	0.9039	-0.6236	2	156	352	19
24790	middle aged	0.8776	-0.2456	2	818	7539	256
25005	mitral valve regurgitation	0.337	0.8149	4	222	463	15
25174	model	0.2368	-0.1496	2	319	668	34
25259	model-based opc	-0.2822	-0.2093	1	340	656	39
25307	"models, cardiovascular"	1.1104	0.0999	3	240	724	28
25461	monitoring	-0.1443	0.2085	5	345	671	50
25488	monitoring system	-0.778	0.2917	1	228	458	39
25492	"monitoring, physiologic"	0.3042	0.6112	5	284	800	36
25551	morphology	0.7004	0.2775	3	359	806	42
25555	mortality	0.5512	-0.711	2	398	1159	42
25559	mortality rate	-0.0053	-0.6494	2	392	1036	45
25581	motion	0.7489	0.6333	3	216	392	17
25590	motion compensation	-1.1545	-0.4668	1	202	523	33
25642	mouse	0.94	-0.5702	2	164	409	22
25955	multi-modal	-0.1354	0.0993	1	491	1397	88
26057	multi-scale features	0.3402	0.6533	3	198	367	19
26073	multi-scales	0.0876	0.4488	3	262	519	29
26112	multi-task learning	0.3048	0.3821	3	208	357	22
26162	multicenter study	0.8378	-0.3112	2	288	595	20
26169	multiclass classification	-0.5102	0.5945	4	239	507	25
26242	multilayer neural networks	-0.7724	0.3459	1	519	2095	136
26244	multilayer perceptron	-0.1357	-0.2464	2	609	2372	96
26257	multilayers	-0.838	-0.1665	1	196	353	27
26258	multilayers perceptrons	-0.931	-0.2647	1	290	687	53
26317	multimodal imaging	0.5903	0.0353	3	237	486	20
26355	multiobjective optimization	-0.7936	0.1694	1	204	367	26
26571	muscle	0.1811	-0.0813	5	242	445	32
26664	myocardial infarction	0.3564	0.2561	4	526	2042	115
26701	myocardium	1.0349	0.5078	3	234	662	32
26745	naive bayes	-1.0302	-0.7135	1	240	742	55
26910	natural language processing	-0.4045	-0.7505	1	328	866	64
26912	natural language processing systems	-0.6384	-0.6964	1	235	563	46
26914	natural languages	-0.501	-0.8197	1	197	439	31
26981	near infrared spectroscopy	0.4169	-0.1395	5	200	342	26
27002	nearest neighbor search	-0.9178	-0.3845	1	707	5608	338
27008	nearest-neighbour	-1.0906	-0.5347	1	265	801	50
27075	nerve cell network	0.2519	0.4633	5	581	2201	67
27102	network analysis	0.4351	-0.2079	2	209	343	17
27105	network architecture	-0.6101	0.4273	4	544	2085	127
27115	network coding	-0.1997	0.7279	4	272	567	28
27145	network layers	-0.6258	0.5761	4	283	565	34
27176	network security	-0.9916	-0.0256	1	388	1196	119
27242	neural network	-0.4699	0.1265	1	456	1145	105
27260	neural network model	-0.6172	0.3297	1	402	1081	66
27263	neural network models	-0.5596	0.3001	1	273	642	41
27273	neural networks	-0.4199	0.2392	1	795	5021	363
27277	"neural networks, computer"	0.1836	0.557	4	853	6737	245
27293	neural-networks	-0.4534	0.3552	1	767	4385	317
27330	neurodegenerative diseases	-0.3552	-0.0749	1	382	1048	71
27340	neuroimaging	0.2914	0.086	3	231	465	25
27387	neurons	-0.3068	0.3727	5	216	388	29
27393	neurophysiology	0.0391	0.4916	5	193	381	22
27434	newborn	0.5482	0.1211	3	255	428	15
27536	noise	-0.2451	0.7141	4	402	1108	50
27579	noise reduction	0.0987	0.6539	4	398	1103	38
27611	non insulin dependent diabetes mellitus	0.3626	-0.8975	2	397	1327	47
27614	non invasive procedure	0.8743	0.2392	3	238	429	16
27818	nonhuman	0.6533	-0.3103	2	538	1789	74
27832	noninvasive medical procedures	0.3699	0.0977	5	564	1951	114
27922	normal human	0.5323	0.6072	5	368	1012	41
28000	nuclear magnetic resonance imaging	0.8473	0.1862	3	574	2935	111
28085	nutrition	-0.0286	-0.872	2	256	506	38
28107	obesity	0.2981	-0.8888	2	371	1083	45
28114	object detection	-0.0887	0.3147	3	201	368	34
28140	observational study	0.8917	-0.5829	2	272	610	22
28149	obstetrics	-0.0837	-0.7517	2	189	345	20
28153	obstructive sleep apnea	0.494	0.7631	5	318	1034	44
28307	oncology	-0.2481	-0.5108	1	196	337	25
28452	ophthalmology	0.206	-0.7431	2	290	851	51
28494	optical coherence tomography	0.981	-0.4848	2	242	569	28
28630	optimisations	-1.0021	-0.1477	1	613	3200	253
28636	optimization	-0.9617	-0.1506	1	618	3220	287
28639	optimization algorithms	-1.1477	-0.2322	1	382	1481	142
28694	optimizers	-1.1329	0.0772	1	312	865	69
28886	outcome assessment	0.2363	-0.793	2	354	914	32
28897	outlier detection	-0.3538	0.2061	1	339	721	33
28973	oxygen	0.744	-0.0554	5	208	360	17
28984	oxygen saturation	0.5371	0.0684	5	360	835	27
29002	p wave	-0.0823	1.0789	4	359	1125	30
29175	parameter estimation	-0.2036	0.0852	1	332	694	46
29285	particle swarm	-1.0892	-0.2311	1	301	906	72
29290	particle swarm optimization	-0.7824	-0.3768	1	424	1284	97
29291	particle swarm optimization (pso)	-0.977	-0.2082	1	471	1811	139
29373	pathology	0.8174	-0.1959	3	573	2101	101
29379	pathophysiology	0.7483	0.3939	5	664	3709	127
29387	patient care	-0.0779	-0.4723	2	266	521	25
29422	patient monitoring	-0.1975	0.1437	5	602	2270	131
29439	patient rehabilitation	0.4147	0.2366	5	283	564	26
29448	patient specific	0.6389	0.0414	3	244	475	29
29456	patient treatment	-0.1934	-0.4161	1	740	3683	222
29499	pattern recognition	-0.3296	0.2455	1	380	900	72
29670	performance	-0.6434	0.1107	1	778	4852	345
29686	performance indicator	-0.1062	-0.202	2	451	1458	51
29843	personalized medicine	0.0611	-0.315	5	436	1079	56
29976	phenotype	0.3251	-0.5363	2	244	430	17
30002	phonocardiogram	-0.3527	1.0371	4	242	616	33
30010	phonocardiograms	-0.4934	1.0418	4	315	1171	65
30012	phonocardiography	-0.3093	0.9994	4	383	1633	85
30067	photoelectric plethysmography	0.5191	0.8164	5	583	3641	132
30094	photoplethysmogram	0.1007	0.8526	5	285	746	44
30106	photoplethysmography	0.4387	0.8735	5	533	3227	153
30108	photoplethysmography (ppg)	0.3249	0.744	5	239	606	30
30154	physical activity	0.34	-0.3575	2	440	1329	58
30215	physician	0.2843	-0.3866	2	358	759	27
30237	physiologic monitoring	0.3626	0.4888	5	326	915	39
30259	physiological models	0.1261	0.4627	5	590	2122	126
30281	physiological signals	-0.0811	0.729	5	342	842	42
30290	physiology	0.5724	0.5397	5	784	5696	238
30292	physionet	-0.5233	0.9353	4	183	421	23
30353	pilot study	0.6412	-0.4443	2	251	442	18
30380	pipelines	-0.3966	-0.0461	1	217	369	23
30542	pneumonia	0.1698	-0.7661	2	228	492	28
30570	point of care testing	0.5322	-0.5249	2	194	349	15
30701	polysomnography	0.4071	0.8254	5	323	1018	44
30742	population statistics	-0.3362	-0.4621	1	446	1213	84
31017	ppg	0.1142	0.7867	5	207	404	22
31117	prediction	0.2192	-0.354	2	956	11399	532
31118	prediction accuracy	-0.3277	-0.1478	1	264	504	40
31122	prediction algorithms	-0.9781	-0.5682	1	276	848	57
31150	prediction model	-0.1529	-0.8935	1	211	413	41
31151	prediction modelling	-0.2933	-0.7756	1	366	981	73
31152	prediction models	-0.615	-0.6156	1	449	1606	133
31157	prediction of heart disease	-0.9793	-0.3876	1	202	422	17
31187	predictive analytics	-0.604	-0.4912	1	528	1779	123
31208	predictive model	0.1841	-0.6224	2	625	2688	103
31214	predictive models	-0.3081	-0.4959	1	657	3279	194
31224	predictive value	0.5241	-0.2278	2	710	3496	113
31225	predictive value of tests	1.1227	-0.0149	3	243	519	17
31242	pregnancy	0.5547	-0.0358	3	294	762	34
31360	prevalence	0.2894	-0.5807	2	367	885	26
31405	principal component analysis	-0.2949	0.0329	1	713	3508	194
31416	principal-component analysis	-0.6859	0.0491	1	371	1080	76
31446	priority journal	0.1973	0.0438	2	407	997	43
31451	privacy	-0.9539	-0.0318	1	279	716	52
31478	privacy-preserving techniques	-1.1932	-0.079	1	166	385	35
31509	probability	0.3746	-0.2373	2	415	977	37
31536	procedures	0.6374	0.2659	3	938	12432	493
31554	process optimization	-0.0759	-0.1588	2	289	648	24
31617	prognosis	0.5151	-0.5773	2	563	2063	76
31727	prospective studies	0.9077	-0.5279	2	258	515	17
31728	prospective study	0.8625	-0.647	2	331	882	32
31804	proteins	0.4476	-0.5727	2	185	366	29
31948	public health	-0.2939	-0.4078	1	212	326	31
31999	pulmonary diseases	0.1076	-0.3647	3	267	560	38
32054	pulse pressure	0.9168	0.4322	5	240	494	14
32056	pulse rate	0.3111	0.3091	5	330	744	29
32072	pulse wave	0.834	0.5217	5	389	1449	56
32074	pulse wave analysis	0.8796	0.5251	5	285	800	25
32092	pulse wave velocity	0.7733	0.2662	5	217	424	16
32098	pulse-wave	0.7271	0.5538	5	237	538	32
32204	qrs complex	-0.1428	1.0338	4	472	2017	61
32210	qrs interval	0.0098	1.0061	4	233	482	14
32219	qt interval	-0.0385	0.9019	4	228	500	15
32238	qualitative analysis	0.5715	0.4833	3	217	393	16
32252	quality control	0.1527	0.2678	3	538	1408	81
32267	quality of life	0.284	-0.4501	2	402	1128	55
32295	quantitative analysis	0.7005	0.0884	3	433	1057	47
32452	questionnaire	0.47	-0.5204	2	310	760	28
32479	r wave	-0.238	1.0698	4	231	532	16
32534	radial basis function	0.1871	0.2359	4	254	524	19
32604	radiomics	0.8651	-0.4097	3	251	646	28
32647	raman spectrometry	0.6656	-0.6399	2	149	333	18
32661	random forest	-0.1977	-0.7039	2	871	8189	438
32680	random forests	-0.8575	-0.6376	1	668	4640	308
32848	real - time system	-0.7192	0.3674	1	197	347	23
32874	real time systems	-0.7754	0.4027	1	289	619	45
32879	real- time	-0.6338	0.4644	1	411	1058	77
32961	recall	-0.2277	-0.5972	2	334	823	34
32966	receiver operating characteristic	0.399	-0.4988	2	852	6946	225
32979	receptive field	0.63	0.8024	3	269	599	19
33038	recording	0.2505	0.8778	5	244	503	20
33042	records management	-0.5423	-0.8224	1	220	489	25
33068	recurrent neural network	0.0311	0.3993	4	537	1889	87
33073	recurrent neural networks	-0.4345	0.4566	4	486	1538	99
33077	recursive feature elimination	0.0264	-0.7816	2	351	944	48
33247	regression analysis	0.0429	-0.1081	5	622	2203	137
33256	regression model	0.6136	0.3429	5	218	375	15
33319	reinforcement learning	-1.0158	-0.2632	1	255	520	49
33325	reinforcement learnings	-1.0265	-0.2983	1	201	367	35
33375	reliability	0.4375	0.19	3	426	1218	56
33453	remote sensing	0.0029	-0.1387	5	301	597	39
33524	reproducibility	0.7957	0.1787	3	452	1328	49
33525	reproducibility of results	0.7903	0.3265	3	401	1055	39
33638	residual neural network	-0.2726	0.6184	4	396	1246	48
33818	retina	0.741	-0.8028	2	212	483	21
33819	retina blood vessel	0.9475	-0.4273	2	182	388	18
33888	retrospective studies	0.9708	-0.5398	2	319	879	28
33889	retrospective study	0.9218	-0.387	2	550	2476	85
34009	risk analysis	-0.2866	-0.6537	1	226	460	39
34011	risk assessment	0.0396	-0.6551	1	778	4997	289
34026	risk factor	0.511	-0.7394	2	622	3172	110
34029	risk factors	0.1896	-0.8373	2	509	1827	93
34045	risk management	-0.4079	-0.5039	1	247	454	29
34058	risk perception	-0.0169	-0.4094	1	303	585	38
34063	risk predictions	-0.4007	-0.8819	1	337	940	58
34072	risk stratification	0.8255	-0.7688	2	198	401	15
34086	risks assessments	-0.0137	-0.5354	1	246	433	26
34220	roc curve	0.6769	-0.7326	2	303	791	28
34261	root mean square errors	-0.1682	0.34	1	222	406	31
34265	root mean squared error	0.4237	0.4838	5	421	1152	39
34334	rr interval	-0.1125	0.9304	4	403	1361	41
34564	sars-cov-2	0.1966	-0.5654	2	259	508	24
34724	scoring system	0.4622	-0.4638	2	309	643	25
34734	screening	0.4759	-0.2205	2	338	728	34
34786	search algorithms	-1.1141	-0.0958	1	196	388	30
34866	security	-1.1129	-0.038	1	198	494	51
34922	segmentation	0.2903	0.128	3	382	1087	91
34924	segmentation algorithm	0.812	0.5864	3	326	902	29
35077	self-supervised learning	-0.237	0.4704	1	280	633	43
35103	semantic segmentation	0.5437	0.4294	3	210	483	35
35113	semantics	0.0977	0.3112	3	422	1262	82
35132	semi-supervised learning	-0.0927	0.2607	1	195	343	29
35187	sensitivity analysis	0.2177	-0.2379	3	495	1265	73
35192	sensitivity and specificity	0.3184	-0.2214	2	896	9978	333
35498	shap	-0.8715	-0.5838	1	241	605	52
35534	shapley	-0.75	-0.5627	1	357	1126	75
35535	shapley additive explanation	-0.5997	-0.6738	1	362	1147	62
35579	shear stress	1.0067	0.0586	3	154	305	23
35650	short term memory	-0.5801	0.6436	4	538	2148	122
35654	short time fourier transform	0.1933	1.0111	4	254	509	17
35727	signal analysis	-0.4499	0.8911	4	335	1016	52
35731	signal classification	-0.734	0.6946	4	205	381	23
35740	signal denoising	-0.3211	0.9377	4	184	403	29
35742	signal detection	-0.4749	0.7163	4	419	1343	77
35744	signal encoding	-0.3828	0.436	3	349	750	49
35765	signal noise ratio	0.3832	0.7083	4	575	2533	90
35772	signal processing	0.1354	0.898	5	833	9064	356
35776	"signal processing, computer-assisted"	0.1372	1.0571	5	692	5694	197
35784	signal reconstruction	-0.5482	0.7188	4	260	567	29
35801	signal to noise ratio	-0.1582	0.7742	4	368	998	64
35810	signal-processing	-0.346	0.6569	4	336	797	44
35819	signals analysis	-0.7705	0.7608	4	225	435	24
35896	simulation	0.3615	0.1437	3	446	1106	48
36038	sinus rhythm	0.0144	0.952	4	369	1168	36
36157	sleep	0.4459	0.6286	5	291	773	31
36158	sleep apnea	0.2417	0.9456	5	285	808	43
36167	sleep apnea syndromes	0.4715	0.6805	5	302	847	28
36168	"sleep apnea, obstructive"	0.5608	0.8877	5	231	619	21
36181	sleep disorder	0.5961	0.6545	5	210	389	13
36182	sleep disordered breathing	0.3787	0.7776	5	217	443	16
36198	sleep quality	0.6177	0.4502	5	183	374	13
36200	sleep research	0.2642	0.798	5	445	1845	100
36209	sleep time	0.6019	0.2996	5	212	420	15
36329	smart healthcare	-1.0718	-0.0647	1	209	432	38
36395	smartphones	-0.0464	0.3565	5	210	336	25
36416	smoking	0.4104	-0.8838	2	313	828	29
36434	smote	-0.853	-0.6986	1	204	467	47
36588	software	0.345	-0.1587	2	349	635	37
36701	solid modelling	-0.0735	0.0435	3	276	615	35
36952	spatiotemporal analysis	0.23	0.0791	3	263	489	27
37055	spectrograms	-0.3825	0.9775	4	224	541	32
37056	spectrographs	-0.4374	1.0161	4	164	373	24
37065	spectroscopy	0.3931	0.2883	5	308	644	34
37070	spectrum analysis	0.0953	0.2698	5	259	515	33
37363	stackings	-0.9024	-0.7276	1	301	901	65
37422	state of the art	-0.2141	-0.0125	1	254	461	32
37468	statistical analysis	0.5918	0.1307	3	276	545	26
37489	statistical model	0.1596	-0.3787	3	245	408	15
37505	statistical tests	-0.6353	0.1842	1	638	2598	154
37509	statistics	-0.2491	-0.3314	1	258	448	30
37567	stenoses	1.0085	0.1407	3	220	474	23
37650	stochastic systems	-0.6899	-0.1625	1	334	806	57
37777	stroke	0.4811	-0.2916	5	413	1315	63
37800	stroke rehabilitation	0.5285	0.2256	5	182	456	16
37806	stroke volume	0.9266	0.0768	3	180	356	15
38103	supervised learning	-0.3712	0.1375	1	502	1407	90
38111	supervised machine learning	-0.0548	-0.2269	1	481	1337	62
38153	support vector machine	0.1084	-0.2557	2	958	13129	555
38154	support vector machine (svm)	-0.929	0.0824	1	192	396	34
38166	support vector machines	-0.7342	-0.2935	1	877	10397	661
38169	support vector regression	-0.5036	-0.5728	1	367	1075	67
38173	support vectors machine	-0.8439	-0.5043	1	655	3736	234
38183	supraventricular premature beat	-0.4477	1.1297	4	224	710	22
38247	surgery	0.5597	-0.1953	3	287	568	32
38320	sustainable development	-0.6118	-0.0399	1	167	285	38
38345	svm	-0.5535	-0.6497	1	352	969	90
38369	swarm intelligence	-0.8899	-0.4923	1	265	605	43
38378	swarm optimization	-1.0684	-0.1822	1	358	1117	84
38500	synthetic minority over-sampling techniques	-1.0605	-0.4869	1	250	649	47
38567	systematic review	0.1078	-0.3023	3	337	731	44
38603	systolic blood pressure	0.7105	-0.0146	5	614	3418	110
38617	t wave	0.0223	1.0835	4	355	1152	31
38752	task analysis	0.2509	0.3006	3	488	1533	75
38891	telehealth	-0.1211	-0.4139	2	220	378	21
38895	telemedicine	-0.2603	0.0039	1	367	807	47
38910	temperature	0.1697	-0.4751	2	206	329	18
39162	textures	-0.2922	-0.1142	3	234	614	46
39335	thorax pain	0.0971	-0.8405	2	225	505	17
39336	thorax radiography	0.1196	-0.6585	2	254	544	20
39352	three dimensional computer graphics	0.9488	0.3088	3	195	369	19
39356	three dimensional displays	1.002	0.4119	3	180	415	18
39384	three-dimensional display	1.0664	0.4136	3	168	399	17
39387	three-dimensional imaging	0.9706	0.2249	3	402	1199	41
39532	time domain analysis	-0.2963	0.7786	4	389	1275	61
39567	time series	-0.6462	0.3043	1	320	767	68
39568	time series analysis	-0.056	0.3939	4	599	2259	94
39637	time-series analysis	-0.3039	0.325	4	278	577	27
39662	times series	-0.6584	0.3729	1	232	444	37
39686	tissue	0.5284	-0.2799	3	266	555	43
39759	"tomography, x-ray computed"	1.1014	-0.3031	3	259	681	24
39977	training	0.4187	0.1416	3	724	3445	101
40056	transfer learning	-0.4329	0.3093	1	564	2306	186
40065	transfer of learning	0.2406	0.2269	4	498	1496	53
40081	transformer	0.1378	0.5126	3	429	1253	68
40237	treatment outcome	0.4011	-0.3548	2	346	785	29
40277	trees (mathematics)	-0.5135	-0.0182	1	266	499	36
40285	triacylglycerol	0.6513	-0.8566	2	317	825	27
40435	tumors	-0.343	0.0352	3	296	930	57
40569	type 2 diabetes mellitus	0.2899	-0.9605	2	221	421	23
40589	type-2 diabetes	0.0206	-0.9687	2	190	363	18
40682	ultrasonic applications	0.3019	0.0092	3	238	463	27
40691	ultrasonic imaging	0.7294	0.1499	3	273	627	39
40706	ultrasonics	0.818	-0.0692	3	232	438	25
40707	ultrasonography	0.9636	-0.0082	3	267	626	29
40710	ultrasound	0.8143	0.2727	3	351	995	46
40778	uncertainty	0.0436	-0.0283	3	391	803	58
40779	uncertainty analysis	0.0949	0.0142	3	266	506	42
40789	unclassified drug	0.7732	-0.7108	2	191	365	19
41156	validation process	0.6731	0.1516	3	540	1838	59
41158	validation study	0.6871	-0.0879	2	400	1081	36
41191	valvular heart disease	0.186	0.9079	4	263	625	20
41317	vascularization	1.1067	-0.2028	3	245	501	19
41478	very elderly	0.75	-0.3977	2	407	1191	38
41590	videorecording	0.4982	0.4245	3	290	674	28
41615	virtual reality	0.1184	0.2177	5	209	345	32
41647	viruses	-0.6991	-0.599	1	236	494	37
41757	vital sign	0.0327	0.0154	5	304	663	33
41914	walking	0.5308	0.1735	5	207	472	23
42070	wave propagation	0.7254	0.481	5	183	385	20
42076	waveform	0.4697	0.8363	5	437	1485	51
42098	wavelet analysis	-0.3664	0.8564	4	314	887	38
42104	wavelet decomposition	-0.6568	0.8142	4	224	467	28
42126	wavelet transform	-0.2268	0.924	4	377	1218	56
42130	wavelet transforms	-0.3306	0.8311	4	457	1671	93
42138	wavelets transform	-0.4026	0.7798	4	304	760	41
42185	wearable computer	0.615	0.5908	5	251	673	27
42186	wearable computers	-0.3904	0.5915	5	255	545	36
42190	wearable devices	-0.2084	0.6294	5	396	1161	81
42199	wearable electronic device	0.3989	0.6578	5	207	464	15
42200	wearable electronic devices	0.3259	0.522	5	499	2162	89
42230	wearable sensors	-0.1862	0.4017	5	531	2149	143
42234	wearable technology	-0.1089	0.6062	5	534	2306	133
42552	wireless communication	-0.0987	0.1866	5	299	620	27
42647	workflow	0.5669	-0.1417	3	327	600	24
42669	world health organization	-0.2096	-0.0667	1	265	459	26
42691	wrist	0.2538	0.579	5	224	439	21
42738	x-ray computed tomography	1.0389	-0.2575	3	291	793	28
42771	xgboost	-0.6613	-0.7569	1	363	1007	87
42837	young adult	0.6695	0.5959	5	503	1973	69
